 bahama_g02        ! ALPHANUMERIC DESCRIPTOR FOR GRID FILE  
1696 926           ! NE,NP - NUMBER OF ELEMENTS AND NUMBER OF NODAL POINTS 
1   56666.672000    5500.000000        1.000  ! NODE NO., X, Y DEPTH
2   58666.672000    5333.330000        1.000
3   57666.672000    6833.330000        1.000
4   54666.672000    5666.670000        1.000
5   55666.672000    7000.000000        1.000
6   61416.672000    5416.665000        1.000
7   60333.336000    7083.330000        1.250
8   64166.672000    5500.000000        1.000
9   63083.336000    7166.665000        1.250
10   52000.000000    5666.670000        1.000
11   51833.336000    7333.335000        1.000
12   51000.000000    6333.335000        1.000
13   53333.336000    5666.670000        1.000
14   53166.672000    7333.335000        1.000
15   66250.008000    6583.335000        1.000
16   65416.664000    7750.000000        1.250
17   50833.336000    8000.000000        1.000
18   50000.000000    7000.000000        1.000
19   56666.672000    8333.330000        1.000
20   59333.336000    8583.330000        1.250
21   54166.672000    8666.665000        1.000
22   49000.000000    7833.335000        2.500
23   49833.336000    8833.335000        2.500
24   62000.000000    8833.330000        1.500
25   68333.344000    7666.670000        1.000
26   67500.000000    8833.335000        1.250
27   51666.672000    9000.000000        1.000
28   64333.328000    9416.665000        1.500
29   48000.000000    8666.670000        4.000
30   66666.656000   10000.000000        1.500
31   55166.672000   10166.665000        4.500
32   49166.664000   10333.335000        4.250
33   70333.344000    9166.670000        2.000
34   69500.000000   10333.335000        2.250
35   58000.000000   10500.000000        4.500
36   52666.672000   10500.000000        4.500
37   51000.000000   10500.000000        2.750
38   60666.664000   10750.000000        4.750
39   63166.664000   11083.330000        3.750
40   34000.000000    9333.330000        5.000
41   36166.664000    9333.330000        4.500
42   34916.664000   11333.330000        6.000
43   38333.328000    9333.330000        4.000
44   37083.328000   11333.330000        5.500
45   40833.328000    9666.665000        4.000
46   39500.000000   11666.665000        6.000
47   47166.664000   11666.670000        6.250
48   45666.664000    9333.335000        4.000
49   65499.992000   11666.665000        3.750
50   32833.335000   11000.000000        6.000
51   72333.344000   10666.670000        3.000
52   43333.328000   10000.000000        4.000
53   42000.000000   12000.000000        6.000
54   52000.000000   12000.000000        6.250
55   53666.672000   12000.000000        8.000
56   50333.328000   12000.000000        4.500
57   68250.000000   12166.665000        2.250
58   56500.000000   12333.335000        8.000
59   44833.328000   12333.335000        6.250
60   71083.344000   12500.000000        3.000
61   59333.328000   12666.670000        8.000
62   61833.328000   13000.000000        7.000
63   33749.999000   13000.000000        7.000
64   72833.344000   12833.335000        3.000
65   64333.328000   13333.330000        6.000
66   35833.328000   13333.330000        7.000
67   48333.328000   13333.335000        6.500
68   31666.670000   12666.670000        7.000
69   38250.000000   13666.665000        7.500
70   67083.336000   13833.330000        4.500
71   50666.664000   13833.335000        6.750
72   52333.336000   13833.335000        8.500
73   40666.672000   14000.000000        8.000
74   55166.672000   14250.000000        8.000
75   43500.000000   14333.335000        8.250
76   69833.344000   14333.330000        3.000
77   58000.000000   14583.335000        8.000
78   46333.328000   14666.670000        8.500
79   32499.999000   14666.670000        7.250
80   71583.344000   14666.665000        3.000
81   60500.000000   15000.000000        7.500
82   34583.328000   15000.000000        7.250
83   30500.000000   14000.000000        6.500
84   73333.344000   15000.000000        3.000
85   63000.000000   15333.330000        6.500
86   48666.664000   15166.670000        8.750
87   37083.328000   15666.665000        7.250
88   51000.000000   15666.670000        9.000
89   65499.992000   15833.330000        5.250
90   31333.329000   16000.000000        6.750
91   39500.000000   16000.000000        7.750
92   53833.336000   16083.335000        8.500
93   42000.000000   16333.335000        8.000
94   68250.000000   16333.330000        3.750
95   29333.330000   15333.330000        6.000
96   56666.672000   16500.000000        8.000
97   44833.328000   16666.670000        8.250
98   33333.328000   16666.670000        7.500
99   59166.672000   16916.665000        7.500
100   47500.000000   17166.670000        8.250
101   71416.672000   17000.000000        3.250
102   61666.672000   17333.330000        7.000
103   35833.328000   17333.335000        7.500
104   30500.000000   17333.330000        6.500
105   73166.672000   17333.335000        3.250
106   49833.336000   17666.670000        8.500
107   64166.664000   17833.330000        5.750
108   28166.665000   16833.330000        6.000
109   52333.336000   18000.000000        8.500
110   38333.328000   18000.000000        7.500
111   32499.999000   18000.000000        7.250
112   66666.656000   18333.330000        4.500
113   40833.328000   18333.335000        7.750
114   55166.672000   18416.665000        8.000
115   43333.328000   18666.670000        8.000
116   29333.335000   18833.330000        6.500
117   57833.336000   18916.665000        7.750
118   69833.328000   19000.000000        4.000
119   46000.000000   19166.670000        8.000
120   34000.000000   19166.670000        7.750
121   60333.336000   19333.330000        7.250
122   31666.670000   19333.330000        7.000
123   27000.000000   18333.330000        6.000
124   48666.672000   19666.670000        8.000
125   62833.336000   19833.330000        7.000
126   36500.000000   19833.335000        7.750
127   73000.000000   19666.670000        3.500
128   51166.672000   20000.000000        8.000
129   28500.000000   20000.000000        6.500
130   53666.672000   20333.330000        8.000
131   39500.000000   20333.335000        7.750
132   65333.328000   20333.330000        5.750
133   26833.335000   20000.000000        6.000
134   33166.671000   20500.000000        7.500
135   30833.335000   20500.000000        7.000
136   42000.000000   20666.670000        8.000
137   68000.000000   20666.665000        4.250
138   56333.336000   20833.330000        7.750
139   44666.664000   21000.000000        8.000
140   59000.000000   21333.330000        7.500
141   71166.672000   21333.335000        3.750
142   47333.336000   21500.000000        8.000
143   34666.672000   21666.670000        8.000
144   32333.336000   21666.670000        7.500
145   30000.000000   21666.670000        7.000
146   72833.328000   21500.000000        3.500
147   61500.000000   21833.330000        7.250
148   28333.335000   21666.670000        6.500
149   49750.000000   22000.000000        8.250
150   26666.670000   21666.670000        6.000
151   37666.672000   22166.670000        8.000
152   64000.000000   22333.330000        7.000
153   52250.000000   22333.330000        8.250
154   40666.672000   22666.670000        8.000
155   66666.672000   22666.665000        5.500
156   55000.000000   22666.665000        7.750
157   43333.336000   23000.000000        8.000
158   69333.344000   23000.000000        4.000
159   27333.335000   23000.000000        6.500
160   29000.000000   23000.000000        7.000
161   57666.664000   23166.665000        7.500
162   46000.000000   23333.330000        8.000
163   71000.000000   23166.665000        3.750
164   31333.335000   23500.000000        7.250
165   33666.671000   23500.000000        7.750
166   72666.656000   23333.330000        3.500
167   60166.664000   23666.665000        7.250
168   48416.664000   23833.330000        8.250
169   36333.336000   24000.000000        8.000
170   62666.664000   24166.665000        7.000
171   50833.328000   24333.330000        8.500
172   28000.000000   24333.330000        7.000
173   39333.336000   24500.000000        8.000
174   65333.328000   24583.330000        5.750
175   53583.328000   24666.665000        8.000
176   41833.336000   24833.335000        8.250
177   30333.335000   24833.330000        7.250
178   68000.000000   24916.665000        4.250
179   56333.328000   25000.000000        7.500
180   44500.000000   25166.665000        8.250
181   32666.670000   25333.330000        7.500
182   58833.328000   25500.000000        7.250
183   70333.344000   25500.000000        4.250
184   47166.664000   25666.665000        8.000
185   72000.000000   25666.665000        4.000
186   35333.335000   25833.330000        7.750
187   61333.328000   26000.000000        7.000
188   49583.328000   26166.665000        8.250
189   38000.000000   26333.330000        8.000
190   63999.992000   26416.665000        5.750
191   52083.328000   26500.000000        8.250
192   40500.000000   26666.665000        8.250
193   29083.335000   26666.665000        6.750
194   54833.328000   26833.335000        7.750
195   66666.656000   26833.330000        4.500
196   43000.000000   27000.000000        8.500
197   31416.670000   27166.665000        7.000
198   26666.665000   26333.330000        6.000
199   57500.000000   27333.335000        7.250
200   69000.000000   27416.665000        4.500
201   45666.664000   27500.000000        8.250
202   33999.999000   27666.665000        7.500
203   60000.000000   27833.335000        7.000
204   48333.328000   28000.000000        8.000
205   71333.344000   28000.000000        4.500
206   36666.664000   28166.665000        7.750
207   62500.000000   28250.000000        5.750
208   50833.328000   28333.335000        8.000
209   39166.664000   28500.000000        8.000
210   27750.000000   28666.665000        5.750
211   53333.328000   28666.670000        8.000
212   65166.664000   28666.665000        4.500
213   41666.664000   28833.335000        8.250
214   30166.670000   29000.000000        6.500
215   56000.000000   29166.670000        7.500
216   25333.330000   28333.330000        5.000
217   67500.000000   29250.000000        4.500
218   44250.000000   29333.335000        8.250
219   32749.999000   29500.000000        7.000
220   58666.672000   29666.670000        7.000
221   46916.664000   29833.335000        8.000
222   69833.344000   29833.335000        4.500
223   35333.328000   30000.000000        7.500
224   61166.672000   30083.335000        5.750
225   49500.000000   30250.000000        8.000
226   37833.328000   30333.335000        7.750
227   26500.000000   30500.000000        4.250
228   63666.672000   30500.000000        4.500
229   52000.000000   30583.335000        8.000
230   40333.328000   30666.670000        8.000
231   28916.670000   30833.335000        5.000
232   54583.328000   30999.999000        7.000
233   24083.330000   30000.000000        4.000
234   66000.008000   31083.335000        4.500
235   42916.664000   31166.670000        8.000
236   31416.670000   31333.336000        5.750
237   57250.000000   31499.999000        6.500
238   45500.000000   31666.670000        8.000
239   68333.344000   31666.670000        4.500
240   33999.999000   31833.336000        6.250
241   48083.336000   32083.335000        8.000
242   36500.000000   32166.664000        7.500
243   25250.000000   32166.670000        3.250
244   39000.000000   32499.999000        7.750
245   50666.672000   32500.000000        8.000
246   60000.000000   32499.999000        5.750
247   27666.670000   32666.670000        3.500
248   22833.330000   31666.670000        3.000
249   41500.000000   32833.335000        8.250
250   53250.000000   32916.664000        7.000
251   62500.000000   32916.664000        4.500
252   64500.000000   33000.000000        4.750
253   30166.670000   33166.671000        4.250
254   44083.336000   33333.335000        8.250
255   55833.328000   33333.328000        6.000
256   66833.336000   33583.335000        4.750
257   32666.670000   33666.672000        5.000
258   46750.000000   33916.671000        8.000
259   35166.671000   34000.000000        6.250
260   24083.330000   34166.671000        3.000
261   37666.672000   34333.328000        7.500
262   49333.336000   34333.336000        8.000
263   58583.328000   34333.328000        5.250
264   21916.665000   33666.671000        3.000
265   40166.672000   34666.664000        8.000
266   26500.000000   34666.671000        3.250
267   52000.000000   34750.000000        7.500
268   42666.672000   35000.000000        8.500
269   28833.335000   34999.999000        3.750
270   54583.328000   35166.664000        6.500
271   61333.328000   35333.328000        4.500
272   63333.328000   35416.664000        4.750
273   31333.335000   35500.000000        4.500
274   65333.328000   35500.000000        5.000
275   45333.336000   35583.336000        8.250
276   33833.335000   36000.000000        6.000
277   56416.664000   36000.000000        5.500
278   48000.000000   36166.672000        8.000
279   23166.665000   36166.672000        3.000
280   36333.336000   36333.328000        7.250
281   21000.000000   35666.672000        3.000
282   50666.664000   36583.336000        7.500
283   38833.336000   36666.664000        7.750
284   25333.330000   36666.672000        3.000
285   62500.000000   36833.328000        4.500
286   64500.000000   36916.664000        4.750
287   41333.336000   37000.000000        8.250
288   27666.665000   37000.000000        3.500
289   53333.328000   37000.000000        7.000
290   59166.664000   37000.000000        4.750
291   30000.000000   37333.328000        4.000
292   61000.000000   37333.328000        4.500
293   44000.000000   37500.000000        8.000
294   32500.000000   37833.328000        5.500
295   55166.664000   37833.336000        6.000
296   21500.000000   38000.000000        3.250
297   20166.665000   37666.672000        3.000
298   46666.664000   38083.336000        7.750
299   35000.000000   38333.328000        7.000
300   63666.672000   38333.328000        4.500
301   49250.000000   38500.000000        7.000
302   23666.665000   38500.000000        3.250
303   37500.000000   38666.664000        7.500
304   57000.000000   38666.672000        5.000
305   62166.672000   38833.328000        4.500
306   51916.664000   38916.664000        6.500
307   40000.000000   39000.000000        8.000
308   26500.000000   39000.000000        3.250
309   58833.336000   39000.000000        4.750
310   28833.335000   39333.328000        3.750
311   60666.672000   39333.328000        4.500
312   42666.664000   39500.000000        7.750
313   31250.000000   39666.664000        5.000
314   54416.664000   39666.664000        6.000
315   63500.000000   39666.664000        3.750
316   20666.665000   40000.000000        3.250
317   45333.328000   40000.000000        7.500
318   19333.330000   39666.672000        3.000
319   33750.000000   40166.664000        6.500
320   62000.000000   40166.664000        3.750
321   22000.000000   40333.328000        3.500
322   47916.664000   40416.664000        6.750
323   36250.000000   40583.328000        6.500
324   56250.000000   40500.000000        5.000
325   50500.000000   40833.328000        6.000
326   24833.335000   40833.328000        3.500
327   58833.336000   40583.336000        4.000
328   38750.000000   40916.664000        7.000
329   60666.672000   40916.664000        3.750
330   63333.328000   41000.000000        3.000
331   27666.670000   41333.328000        3.500
332   41333.336000   41333.336000        7.500
333   19500.000000   41500.000000        3.000
334   53000.000000   41583.328000        5.500
335   30083.335000   41666.664000        4.750
336   44000.000000   41833.336000        7.250
337   62000.000000   41750.000000        3.000
338   20833.335000   41833.328000        3.250
339   32500.000000   42000.000000        6.000
340   46666.664000   42250.000000        7.250
341   35000.000000   42416.664000        6.000
342   55500.000000   42333.328000        5.000
343   58083.336000   42416.664000        4.000
344   23333.335000   42666.664000        3.750
345   49250.000000   42666.664000        6.500
346   63666.664000   42416.664000        2.750
347   37500.000000   42833.328000        6.000
348   51916.664000   43083.328000        5.500
349   26166.670000   43166.664000        3.750
350   40083.336000   43250.000000        6.500
351   60377.634534   43190.671051        3.000
352   19666.670000   43333.328000        3.000
353   28833.335000   43500.000000        4.000
354   62236.677088   43499.301162        2.750
355   42666.672000   43666.672000        7.000
356   31250.000000   43833.336000        5.250
357   54416.664000   43833.328000        5.000
358   45333.336000   44083.336000        7.000
359   22166.670000   44166.664000        3.500
360   64000.000000   43833.328000        2.500
361   33750.000000   44333.336000        6.000
362   56583.336000   44416.664000        4.000
363   59166.672000   44500.000000        3.000
364   48000.000000   44500.000000        7.000
365   36250.000000   44750.000000        6.000
366   50666.664000   44916.664000        6.000
367   24666.670000   45000.000000        4.000
368   38750.000000   45083.328000        6.250
369   61394.298431   45104.177742        2.750
370   27333.335000   45333.336000        4.250
371   53333.328000   45333.328000        5.000
372   63500.000000   45250.000000        2.500
373   19833.335000   45000.000000        3.000
374   41333.336000   45500.000000        6.750
375   65000.000000   45083.328000        2.500
376   30000.000000   45666.672000        4.500
377   55500.000000   45916.664000        4.000
378   43833.336000   46000.000000        6.750
379   32500.000000   46166.672000        5.250
380   22333.335000   45833.336000        3.500
381   46500.000000   46416.664000        6.750
382   57666.672000   46500.000000        3.000
383   64500.000000   46500.000000        2.500
384   60333.336000   46583.336000        2.750
385   35000.000000   46666.672000        6.000
386   49166.664000   46750.000000        6.500
387   63000.000000   46666.672000        2.500
388   66000.000000   46333.328000        2.500
389   37500.000000   47000.000000        6.250
390   20000.000000   46666.672000        3.000
391   23250.000000   47083.336000        4.250
392   51833.328000   47166.664000        5.500
393   40000.000000   47333.328000        6.500
394   25833.335000   47500.000000        4.500
395   54333.328000   47666.664000        4.000
396   65500.000000   47750.000000        2.500
397   42500.000000   47833.328000        6.500
398   28500.000000   47833.336000        4.750
399   64000.000000   47916.672000        2.500
400   20916.665000   47916.672000        3.750
401   67166.672000   47166.664000        2.500
402   31083.335000   48166.672000        5.000
403   56500.000000   48250.000000        3.000
404   45000.000000   48333.328000        6.500
405   66564.760534   48529.971980        2.500
406   59166.672000   48583.336000        2.750
407   33583.335000   48666.672000        5.750
408   47666.664000   48666.664000        6.250
409   61833.336000   48666.672000        2.500
410   18666.665000   48166.672000        3.000
411   36166.664000   49000.000000        6.500
412   50333.328000   49000.000000        6.000
413   68333.344000   48000.000000        2.500
414   67500.000000   49160.500000        2.500
415   21833.330000   49166.672000        4.500
416   38666.664000   49333.328000        6.750
417   19583.330000   49416.672000        3.750
418   52833.328000   49500.000000        4.500
419   24416.665000   49583.336000        4.750
420   65431.906477   49764.492426        2.500
421   64124.767182   49548.451348        2.500
422   41166.664000   49833.328000        6.750
423   27000.000000   50000.000000        5.000
424   55333.328000   50000.000000        3.000
425   66666.656000   50321.000000        2.500
426   43666.664000   50333.328000        6.750
427   29583.335000   50333.336000        5.250
428   58000.000000   50333.336000        2.750
429   62701.437726   50412.615660        2.500
430   17333.330000   49666.672000        3.000
431   32166.670000   50666.672000        5.500
432   46333.336000   50666.664000        6.250
433   60666.672000   50666.672000        2.500
434   64618.575360   50937.286849        2.500
435   34749.999000   51000.000000        6.250
436   49000.000000   51000.000000        6.000
437   20500.000000   51083.336000        4.750
438   65999.992000   51249.500000        2.500
439   37333.328000   51333.328000        7.000
440   51500.000000   51333.336000        4.750
441   18250.000000   51333.336000        4.000
442   23083.330000   51416.672000        4.750
443   63543.816384   51739.725139        2.500
444   54000.000000   51833.336000        3.250
445   25666.665000   51833.336000        5.000
446   39833.328000   51833.328000        7.000
447   28333.335000   52166.664000        5.000
448   65333.328000   52178.000000        2.500
449   15666.665000   51000.000000        3.000
450   42333.328000   52333.328000        7.000
451   56666.664000   52333.336000        3.000
452   30916.670000   52500.000000        5.250
453   45000.000000   52666.664000        6.500
454   59333.336000   52666.672000        2.750
455   16583.335000   52666.664000        4.000
456   33416.671000   52833.336000        6.250
457   47666.672000   53000.000000        6.000
458   19166.670000   53000.000000        5.000
459   61833.336000   53047.172000        2.750
460   36000.000000   53166.664000        7.000
461   50166.672000   53333.336000        4.750
462   21750.000000   53333.336000        5.000
463   14000.000000   52333.328000        3.000
464   38500.000000   53666.664000        7.000
465   52666.672000   53666.672000        3.500
466   24333.330000   53666.672000        5.000
467   64166.664000   53802.836000        2.750
468   27000.000000   54000.000000        5.000
469   41000.000000   54166.664000        7.000
470   55333.336000   54166.672000        3.250
471   29666.670000   54333.328000        5.000
472   15250.000000   54583.328000        4.000
473   43666.664000   54583.328000        6.500
474   32166.671000   54666.664000        6.000
475   58000.000000   54666.672000        3.000
476   17833.335000   54916.664000        5.000
477   46333.336000   54916.664000        6.000
478   34666.672000   55000.000000        7.000
479   60500.000000   55047.172000        3.000
480   12833.335000   54083.328000        3.000
481   48833.336000   55166.664000        5.000
482   20416.670000   55250.000000        5.000
483   63000.000000   55427.672000        3.000
484   51333.336000   55500.000000        3.750
485   37166.672000   55500.000000        7.000
486   23000.000000   55583.336000        5.000
487   39666.672000   56000.000000        7.000
488   25500.000000   56000.000000        5.000
489   54000.000000   56000.000000        4.000
490   28166.670000   56333.328000        5.000
491   14083.335000   56333.328000        4.000
492   42333.336000   56416.664000        6.500
493   56666.664000   56500.000000        3.750
494   30833.335000   56666.664000        5.000
495   59250.000000   56788.172000        4.000
496   16500.000000   56833.328000        5.000
497   45000.000000   56833.328000        6.000
498   11666.670000   55833.328000        3.000
499   33333.336000   57000.000000        6.000
500   47500.000000   57083.328000        5.000
501   19083.335000   57166.664000        5.000
502   61750.000000   57168.672000        4.000
503   50000.000000   57333.328000        4.000
504   35833.336000   57333.336000        6.500
505   21666.670000   57500.000000        5.000
506   38333.336000   57833.336000        6.500
507   52666.664000   57833.328000        4.250
508   24166.670000   57916.664000        5.000
509   40916.672000   58250.000000        6.500
510   11500.000000   57666.664000        2.750
511   26666.670000   58333.328000        5.000
512   55333.328000   58333.328000        4.500
513   13916.665000   58166.664000        3.750
514   57916.664000   58621.500000        4.750
515   43583.336000   58666.664000        6.000
516   29333.335000   58666.664000        5.000
517   60500.000000   58909.672000        5.000
518   32000.000000   59000.000000        5.000
519   17583.335000   59000.000000        5.000
520   46250.000000   59083.328000        5.750
521   15083.335000   59250.000000        3.500
522   34500.000000   59333.336000        5.500
523   48750.000000   59333.328000        4.750
524   20166.670000   59333.336000        5.000
525   37000.000000   59666.672000        6.000
526   22833.335000   59750.000000        5.000
527   51333.336000   59833.328000        4.250
528   39583.336000   60083.336000        6.000
529   11333.330000   59500.000000        2.500
530   25333.335000   60166.664000        5.000
531   56750.000000   60246.328000        4.750
532   54000.000000   60333.328000        4.500
533   42166.672000   60500.000000        6.000
534   59333.336000   60534.500000        5.000
535   12500.000000   60583.336000        2.250
536   28000.000000   60666.664000        4.500
537   44833.336000   60916.664000        5.750
538   30666.665000   61000.000000        4.500
539   18666.670000   61166.672000        5.000
540   33166.664000   61333.336000        5.000
541   47500.000000   61333.328000        5.500
542   16166.670000   61416.672000        3.500
543   38666.664000   61500.000000        5.500
544   21333.335000   61583.336000        5.000
545   35666.664000   61666.672000        5.500
546   13666.670000   61666.672000        2.000
547   50083.336000   61833.328000        5.000
548   41250.000000   61916.664000        5.500
549   24000.000000   62000.000000        5.000
550   58166.672000   62159.328000        5.000
551   55416.672000   62246.328000        4.750
552   52666.672000   62333.328000        4.500
553   37833.336000   62333.336000        5.000
554   26666.665000   62500.000000        4.500
555   43416.672000   62750.000000        5.500
556   29333.330000   63000.000000        4.000
557   17416.670000   63083.336000        5.000
558   46083.336000   63166.664000        5.250
559   31833.329000   63333.336000        4.500
560   14916.670000   63333.336000        3.500
561   40333.328000   63333.328000        5.000
562   48750.000000   63583.336000        5.000
563   20000.000000   63583.336000        5.250
564   34333.328000   63666.672000        5.000
565   12916.670000   63500.000000        2.000
566   22666.665000   64000.000000        5.250
567   51333.336000   64083.336000        4.500
568   42500.000000   64166.664000        5.000
569   39500.000000   64166.664000        4.500
570   56666.672000   64248.336000        5.000
571   36500.000000   64333.336000        4.500
572   25166.665000   64333.328000        4.750
573   53916.672000   64335.336000        4.750
574   27833.330000   64833.328000        4.250
575   44666.672000   65000.000000        5.000
576   16166.670000   65000.000000        5.000
577   38666.672000   65000.000000        4.000
578   41333.328000   65166.664000        4.500
579   14166.670000   65166.664000        3.500
580   30416.665000   65250.000000        3.750
581   47333.336000   65416.672000        4.750
582   18750.000000   65500.000000        5.250
583   35000.000000   65500.008000        4.250
584   32916.664000   65583.336000        4.250
585   12166.670000   65333.328000        2.000
586   50000.000000   65833.344000        4.500
587   43500.000000   66000.000000        4.500
588   21333.330000   66000.000000        5.500
589   40500.000000   66000.000000        4.000
590   52583.336000   66085.344000        4.750
591   37166.672000   66166.672000        3.750
592   23833.330000   66333.328000        5.000
593   55166.672000   66337.344000        5.000
594   45416.672000   66333.328000        5.000
595   26333.330000   66666.656000        4.500
596   48083.336000   66750.000000        4.750
597   14750.000000   66833.328000        4.250
598   38833.336000   66833.328000        3.500
599   42333.328000   67000.000000        4.000
600   28916.665000   67083.328000        4.000
601   12750.000000   66999.992000        2.750
602   17250.000000   67166.672000        4.750
603   44250.000000   67333.328000        4.500
604   35666.672000   67333.344000        3.500
605   33583.336000   67416.672000        3.500
606   31500.000000   67500.000000        3.500
607   51583.336000   67478.000000        4.500
608   10500.000000   66833.336000        2.000
609   19833.330000   67666.672000        5.000
610   54166.672000   67730.000000        4.750
611   46166.672000   67666.656000        5.000
612   49666.664000   67750.000000        4.250
613   40666.664000   67833.328000        3.500
614   37333.336000   68000.000000        3.250
615   22500.000000   68166.672000        5.000
616   43500.000000   68250.000000        4.250
617   42000.000000   68166.672000        3.750
618   25000.000000   68500.000000        4.500
619   11083.330000   68500.000000        2.750
620   45416.672000   68583.328000        4.750
621   34916.672000   68666.672000        3.250
622   47750.000000   68666.656000        4.500
623   13333.330000   68666.656000        3.500
624   32833.336000   68750.000000        3.250
625   39000.000000   68666.656000        3.000
626   27500.000000   68833.328000        4.500
627   36333.336000   68916.672000        3.250
628   15833.330000   69000.000000        4.000
629   40333.336000   69000.000000        3.250
630   53166.672000   69122.656000        4.500
631    8833.330000   68333.344000        2.000
632   30083.335000   69250.000000        4.000
633   18333.330000   69333.344000        4.500
634   41307.779348   69455.093539        3.500
635   46666.672000   69500.000000        4.500
636   51250.000000   69394.656000        4.250
637   44666.672000   69500.000000        4.500
638   43166.672000   69416.672000        4.000
639   38000.000000   69583.328000        3.000
640   49333.328000   69666.656000        4.000
641   21000.000000   69833.344000        4.500
642   34166.672000   70000.000000        3.000
643   35583.336000   70250.000000        3.000
644   23666.670000   70333.344000        4.500
645   42500.000000   70333.344000        3.250
646   52250.000000   70399.328000        4.250
647   44000.000000   70416.672000        3.750
648   45916.672000   70416.672000        4.250
649    9916.665000   70500.000000        2.500
650   37000.000000   70500.000000        3.000
651   31416.671000   70500.000000        3.750
652   48250.000000   70500.000000        4.000
653   26166.670000   70666.672000        4.500
654   12166.665000   70666.656000        3.250
655   50333.328000   70671.328000        4.000
656   41000.000000   70416.672000        2.750
657   28666.670000   71000.000000        4.500
658   14666.665000   71000.000000        3.500
659    7666.665000   70333.344000        2.000
660   47166.672000   71333.344000        4.000
661   43333.328000   71333.344000        3.000
662   17166.665000   71333.344000        4.000
663   45250.000000   71333.344000        3.500
664   41833.328000   71416.672000        2.500
665   49250.000000   71504.672000        4.000
666   35083.336000   71500.000000        2.750
667   51333.328000   71676.000000        4.000
668   36500.000000   71750.000000        2.750
669   19666.665000   71833.344000        4.500
670   33750.000000   71666.672000        2.750
671   40333.328000   71500.000000        2.000
672   42666.664000   72166.672000        2.500
673   41166.664000   72250.000000        2.000
674   44333.328000   72333.344000        3.000
675   46250.000000   72333.344000        3.500
676   22333.335000   72333.344000        4.500
677   30999.999000   72166.672000        3.500
678    8750.000000   72500.000000        2.500
679   48500.000000   72549.344000        4.000
680   11000.000000   72666.656000        3.000
681   25000.000000   72666.672000        4.250
682   50583.328000   72720.672000        4.000
683   42000.000000   73000.000000        2.000
684   27500.000000   73000.000000        4.250
685   13500.000000   73000.000000        3.250
686    6500.000000   72333.344000        2.000
687   39833.328000   72916.672000        2.000
688   36210.226570   72987.365165        2.500
689   34666.664000   73166.672000        2.500
690   43666.664000   73166.672000        2.500
691   32727.426536   73189.209258        2.500
692   45333.328000   73333.344000        3.000
693   16000.000000   73333.344000        3.500
694   30166.670000   73416.672000        3.750
695   47583.328000   73549.344000        3.500
696   40666.664000   73666.672000        2.000
697   49833.328000   73765.344000        4.000
698   18500.000000   73833.344000        4.000
699   43083.336000   74250.000000        2.500
700   21000.000000   74333.344000        4.500
701    7250.000000   74333.344000        2.250
702   42000.000000   74166.672000        2.000
703   44750.000000   74416.672000        3.000
704   35500.000000   74500.000000        2.250
705   39333.328000   74333.344000        2.000
706    9500.000000   74500.000000        2.750
707   36833.336000   74000.000000        2.250
708   23666.665000   74666.672000        4.250
709   46750.000000   74709.844000        3.500
710   34166.664000   74666.672000        2.250
711    5083.335000   74166.672000        2.250
712   49000.000000   74925.844000        4.000
713   12000.000000   75000.000000        3.000
714   26333.330000   75000.000000        4.000
715   40666.664000   74833.344000        2.000
716   32499.999000   74583.344000        2.750
717   39833.328000   75166.672000        2.000
718   14500.000000   75333.344000        3.250
719   29000.000000   75416.672000        3.500
720   36333.336000   75500.000000        2.000
721   42000.000000   75333.344000        2.000
722   44166.672000   75500.000000        3.000
723   43083.336000   75416.672000        2.500
724   37666.672000   75000.000000        2.000
725   41166.664000   75666.672000        2.000
726   17166.665000   75750.000000        3.750
727   46166.672000   75793.172000        3.500
728   33333.335000   75916.672000        2.500
729   35000.000000   76000.000000        2.000
730   48166.672000   76086.344000        4.000
731   39946.321153   75947.745194        2.000
732   31144.335611   76183.229970        3.000
733    5833.335000   76166.672000        2.500
734   19666.665000   76250.000000        4.250
735    8000.000000   76333.344000        2.500
736   37166.672000   76666.672000        2.000
737   22166.665000   76666.672000        4.250
738   40500.000000   76666.672000        2.000
739    3666.670000   76000.000000        2.500
740   41529.412078   76687.840202        2.000
741   39833.328000   76500.000000        2.000
742   38500.000000   76000.000000        2.000
743   10500.000000   76833.344000        2.750
744   24833.330000   77000.000000        4.000
745   45250.000000   77069.828000        3.500
746   42500.000000   77083.344000        2.000
747   43583.336000   77166.672000        2.500
748   35833.336000   77166.672000        2.000
749   34000.000000   77166.672000        2.000
750   27500.000000   77333.328000        4.000
751   13000.000000   77333.344000        3.000
752   47250.000000   77363.000000        4.000
753   40009.644790   77562.497938        2.000
754   40927.837526   77596.138620        2.000
755   39249.761146   76721.480884        2.000
756   38000.000000   77666.672000        2.000
757   31999.204710   77663.419984        2.500
758   15666.665000   77750.000000        3.500
759   30166.670000   77750.000000        3.500
760    4833.335000   77833.328000        2.750
761    7000.000000   78000.000000        2.750
762   41833.336000   78083.344000        2.000
763   18333.330000   78166.656000        4.000
764   36666.672000   78333.344000        2.000
765   33000.000000   78333.344000        2.000
766   34833.336000   78333.344000        2.000
767   39500.000000   78333.328000        2.000
768   20833.330000   78583.328000        4.000
769   46333.328000   78639.656000        4.000
770    9250.000000   78666.672000        3.000
771   44666.664000   78736.500000        3.000
772   40389.586612   78773.562495        2.000
773   43000.000000   78833.344000        2.000
774   23333.330000   79000.000000        4.000
775   30833.335000   79000.000000        3.000
776   38166.672000   79000.000000        2.000
777   11750.000000   79166.672000        3.250
778   41333.336000   79250.000000        2.000
779   26000.000000   79333.328000        4.000
780   14166.665000   79500.000000        3.000
781   33582.295635   79547.298185        2.000
782   35166.672000   79416.672000        2.000
783   28666.670000   79666.656000        4.000
784   39666.672000   79666.656000        2.000
785    6000.000000   79666.656000        3.000
786   16833.330000   79916.656000        3.500
787   45333.328000   80032.328000        3.000
788   43666.664000   80129.172000        2.000
789   42333.336000   80250.000000        2.000
790    8250.000000   80333.328000        3.250
791   37500.000000   80333.344000        2.500
792   19500.000000   80416.656000        3.750
793   31166.671000   80083.328000        3.000
794   32505.793806   80522.877967        2.000
795   40666.672000   80666.656000        2.000
796   22000.000000   80833.328000        3.750
797   10500.000000   81000.000000        3.500
798   39000.000000   81000.000000        2.500
799   24666.665000   81166.672000        4.000
800   12916.665000   81333.328000        3.250
801   35703.637475   81262.972975        2.500
802   44333.328000   81425.000000        2.000
803   27333.335000   81500.000000        4.000
804   43000.000000   81545.828000        2.000
805   15333.330000   81666.656000        3.000
806   41666.672000   81666.656000        2.000
807   29833.335000   82000.000000        3.250
808   40000.000000   82000.000000        2.500
809   18000.000000   82166.656000        3.250
810    7000.000000   82333.328000        2.750
811   38333.328000   82333.344000        3.000
812   43500.000000   82585.672000        3.000
813   20666.670000   82666.656000        3.500
814   32333.336000   82416.672000        2.250
815   42166.672000   82706.500000        3.000
816   23333.335000   83000.000000        3.750
817    9250.000000   83000.000000        3.000
818   40500.000000   83039.844000        3.500
819   35083.336000   82833.328000        2.750
820   37033.433851   83315.054586        3.250
821   11583.335000   83333.328000        3.500
822   26000.000000   83333.344000        4.000
823   14000.000000   83666.656000        3.250
824   42666.672000   83746.344000        4.000
825   28500.000000   83833.344000        3.250
826   16666.665000   84083.328000        3.000
827   31000.000000   84333.344000        2.500
828   39500.000000   84432.500000        3.500
829   19333.335000   84583.328000        3.250
830   33750.000000   84750.000000        3.000
831   22000.000000   85000.000000        3.500
832    8000.000000   85000.000000        2.500
833   41666.672000   85139.000000        4.000
834   10333.335000   85333.328000        3.000
835   24666.665000   85333.344000        3.750
836   36500.000000   85166.656000        3.500
837   12666.670000   85666.656000        3.500
838   27166.665000   85666.672000        3.500
839   38583.336000   85849.156000        3.750
840   15333.335000   86083.328000        3.250
841   29666.665000   86166.672000        2.750
842   32250.000000   86500.000000        2.750
843   18000.000000   86500.000000        3.000
844   40666.672000   86531.656000        4.000
845   35000.000000   86916.656000        3.250
846   20666.665000   86916.672000        3.250
847   37583.336000   87241.828000        3.750
848   23333.330000   87333.344000        3.500
849    9000.000000   87500.000000        2.250
850    7083.335000   86666.672000        2.250
851   25833.330000   87666.672000        3.250
852   11333.335000   87833.328000        2.750
853   39666.672000   87924.328000        4.000
854   28333.330000   88000.000000        3.000
855   14000.000000   88000.000000        3.000
856   30916.665000   88333.328000        3.000
857   16666.665000   88416.672000        2.750
858   33500.000000   88666.656000        3.000
859   19333.335000   88750.000000        2.750
860   36083.336000   88991.828000        3.500
861   22000.000000   89166.672000        3.000
862    8083.335000   89166.672000        2.000
863    6166.670000   88333.344000        2.000
864   38666.672000   89317.000000        4.000
865   24500.000000   89500.000000        3.000
866   27000.000000   89833.328000        2.750
867   10000.000000   90000.000000        2.000
868   12666.665000   90166.672000        2.250
869    7250.000000   90166.672000        2.000
870   15333.330000   90333.344000        2.500
871   29666.665000   90333.328000        2.750
872   18000.000000   90666.672000        2.500
873   32250.000000   90666.656000        2.750
874   34750.000000   90848.828000        3.000
875   20666.670000   91000.000000        2.500
876    9166.665000   91000.000000        2.000
877   37333.336000   91174.000000        3.500
878   23166.670000   91333.328000        2.500
879   25666.670000   91666.656000        2.500
880    8333.330000   92000.000000        2.000
881   28333.335000   92166.656000        2.500
882   11000.000000   92333.328000        2.000
883   13666.665000   92500.000000        2.250
884   16500.000000   92666.672000        2.250
885   31000.000000   92666.656000        2.500
886   33500.000000   92848.828000        2.750
887   19166.670000   93000.000000        2.250
888   36000.000000   93031.000000        3.000
889   21916.670000   93333.328000        2.250
890   10166.665000   93333.328000        2.000
891   24416.670000   93666.656000        2.250
892   27000.000000   94166.656000        3.000
893   29666.665000   94666.656000        3.000
894   12000.000000   94666.656000        2.000
895   32083.336000   94821.828000        3.000
896   14833.335000   94833.328000        2.000
897   17666.670000   95000.000000        2.000
898   34583.336000   95004.000000        3.250
899   20416.670000   95333.328000        2.000
900   23166.670000   95666.656000        2.000
901   13916.665000   96083.328000        2.000
902   25750.000000   96166.656000        2.750
903   16750.000000   96250.000000        2.000
904   28333.330000   96666.656000        3.500
905   30750.001000   96821.828000        3.500
906   33166.672000   96977.000000        3.500
907   18666.670000   97500.000000        2.000
908   15833.330000   97500.000000        2.000
909   24416.670000   97833.328000        2.000
910   21416.670000   97833.328000        2.000
911   27000.000000   98333.328000        2.750
912   29416.665000   98678.828000        3.250
913   17750.000000   98750.000000        2.000
914   31833.336000   98834.000000        3.250
915   25666.670000  100000.000000        2.000
916   22666.670000  100000.000000        2.000
917   19666.670000  100000.000000        2.000
918   28083.335000  100345.500000        2.500
919   30500.000000  100691.000000        3.000
920   21583.335000  101416.672000        2.000
921   24583.335000  101416.672000        2.000
922   26416.670000  102666.672000        2.000
923   23500.000000  102833.344000        2.000
924   28833.335000  103012.172000        2.500
925   25333.335000  104083.344000        2.000
926   27166.670000  105333.344000        2.000
1 3 1 2 3    ! ELEMENT NUMBER, ELEM. TYPE (=3), NODAL CONNECTIVITY FOR ELEMENT
2 3 4 1 5
3 3 6 7 2
4 3 8 9 6
5 3 10 11 12
6 3 13 14 10
7 3 10 14 11
8 3 1 3 5
9 3 13 4 14
10 3 15 16 8
11 3 12 17 18
12 3 12 11 17
13 3 2 7 3
14 3 8 16 9
15 3 4 5 14
16 3 6 9 7
17 3 5 3 19
18 3 7 20 3
19 3 14 5 21
20 3 22 18 23
21 3 18 17 23
22 3 9 24 7
23 3 25 26 15
24 3 11 27 17
25 3 15 26 16
26 3 11 14 27
27 3 16 28 9
28 3 3 20 19
29 3 5 19 21
30 3 22 23 29
31 3 7 24 20
32 3 17 27 23
33 3 9 28 24
34 3 14 21 27
35 3 26 30 16
36 3 21 19 31
37 3 23 32 29
38 3 25 33 26
39 3 16 30 28
40 3 33 34 26
41 3 20 35 19
42 3 27 21 36
43 3 27 37 23
44 3 24 38 20
45 3 23 37 32
46 3 27 36 37
47 3 28 39 24
48 3 21 31 36
49 3 40 41 42
50 3 41 43 44
51 3 19 35 31
52 3 20 38 35
53 3 26 34 30
54 3 45 46 43
55 3 29 47 48
56 3 30 49 28
57 3 24 39 38
58 3 29 32 47
59 3 40 42 50
60 3 33 51 34
61 3 41 44 42
62 3 52 53 45
63 3 36 54 37
64 3 36 31 55
65 3 37 56 32
66 3 28 49 39
67 3 34 57 30
68 3 43 46 44
69 3 31 35 58
70 3 48 59 52
71 3 36 55 54
72 3 37 54 56
73 3 51 60 34
74 3 45 53 46
75 3 48 47 59
76 3 38 61 35
77 3 30 57 49
78 3 39 62 38
79 3 50 42 63
80 3 51 64 60
81 3 52 59 53
82 3 31 58 55
83 3 49 65 39
84 3 34 60 57
85 3 42 44 66
86 3 47 32 67
87 3 32 56 67
88 3 50 63 68
89 3 35 61 58
90 3 38 62 61
91 3 46 69 44
92 3 42 66 63
93 3 57 70 49
94 3 39 65 62
95 3 56 54 71
96 3 54 55 72
97 3 53 73 46
98 3 54 72 71
99 3 44 69 66
100 3 58 74 55
101 3 59 75 53
102 3 60 76 57
103 3 56 71 67
104 3 46 73 69
105 3 61 77 58
106 3 49 70 65
107 3 47 78 59
108 3 68 63 79
109 3 60 64 80
110 3 47 67 78
111 3 60 80 76
112 3 62 81 61
113 3 63 66 82
114 3 68 79 83
115 3 55 74 72
116 3 57 76 70
117 3 53 75 73
118 3 64 84 80
119 3 65 85 62
120 3 67 71 86
121 3 58 77 74
122 3 59 78 75
123 3 63 82 79
124 3 61 81 77
125 3 69 87 66
126 3 67 86 78
127 3 71 72 88
128 3 65 70 89
129 3 62 85 81
130 3 83 79 90
131 3 73 91 69
132 3 74 92 72
133 3 66 87 82
134 3 71 88 86
135 3 65 89 85
136 3 73 75 93
137 3 70 76 94
138 3 83 90 95
139 3 77 96 74
140 3 69 91 87
141 3 75 78 97
142 3 79 82 98
143 3 72 92 88
144 3 73 93 91
145 3 81 99 77
146 3 70 94 89
147 3 79 98 90
148 3 86 100 78
149 3 80 84 101
150 3 74 96 92
151 3 80 101 76
152 3 85 102 81
153 3 87 103 82
154 3 90 104 95
155 3 75 97 93
156 3 77 99 96
157 3 84 105 101
158 3 88 106 86
159 3 78 100 97
160 3 76 101 94
161 3 89 107 85
162 3 82 103 98
163 3 81 102 99
164 3 95 104 108
165 3 92 109 88
166 3 91 110 87
167 3 98 111 90
168 3 86 106 100
169 3 85 107 102
170 3 90 111 104
171 3 89 94 112
172 3 93 113 91
173 3 96 114 92
174 3 87 110 103
175 3 88 109 106
176 3 93 97 115
177 3 89 112 107
178 3 104 116 108
179 3 91 113 110
180 3 99 117 96
181 3 101 118 94
182 3 97 100 119
183 3 92 114 109
184 3 98 120 111
185 3 98 103 120
186 3 93 115 113
187 3 102 121 99
188 3 111 122 104
189 3 108 116 123
190 3 96 117 114
191 3 106 124 100
192 3 97 119 115
193 3 94 118 112
194 3 107 125 102
195 3 99 121 117
196 3 103 110 126
197 3 104 122 116
198 3 105 127 101
199 3 109 128 106
200 3 116 129 123
201 3 100 124 119
202 3 103 126 120
203 3 111 120 122
204 3 102 125 121
205 3 114 130 109
206 3 113 131 110
207 3 112 132 107
208 3 123 129 133
209 3 101 127 118
210 3 120 134 122
211 3 122 135 116
212 3 106 128 124
213 3 115 136 113
214 3 112 118 137
215 3 107 132 125
216 3 114 117 138
217 3 109 130 128
218 3 119 139 115
219 3 110 131 126
220 3 116 135 129
221 3 113 136 131
222 3 121 140 117
223 3 112 137 132
224 3 118 127 141
225 3 114 138 130
226 3 124 142 119
227 3 122 134 135
228 3 115 139 136
229 3 120 143 134
230 3 134 144 135
231 3 120 126 143
232 3 135 145 129
233 3 127 146 141
234 3 125 147 121
235 3 129 148 133
236 3 117 140 138
237 3 124 128 149
238 3 133 148 150
239 3 129 145 148
240 3 119 142 139
241 3 126 131 151
242 3 118 141 137
243 3 121 147 140
244 3 132 152 125
245 3 128 130 153
246 3 124 149 142
247 3 136 154 131
248 3 137 155 132
249 3 138 156 130
250 3 135 144 145
251 3 134 143 144
252 3 125 152 147
253 3 128 153 149
254 3 139 157 136
255 3 137 141 158
256 3 150 148 159
257 3 148 145 160
258 3 126 151 143
259 3 140 161 138
260 3 132 155 152
261 3 142 162 139
262 3 130 156 153
263 3 141 163 158
264 3 144 164 145
265 3 143 165 144
266 3 148 160 159
267 3 131 154 151
268 3 141 146 163
269 3 146 166 163
270 3 147 167 140
271 3 136 157 154
272 3 137 158 155
273 3 138 161 156
274 3 149 168 142
275 3 139 162 157
276 3 151 169 143
277 3 145 164 160
278 3 152 170 147
279 3 140 167 161
280 3 144 165 164
281 3 142 168 162
282 3 149 153 171
283 3 159 160 172
284 3 154 173 151
285 3 155 174 152
286 3 143 169 165
287 3 156 175 153
288 3 147 170 167
289 3 149 171 168
290 3 154 157 176
291 3 164 177 160
292 3 158 178 155
293 3 161 179 156
294 3 157 162 180
295 3 152 174 170
296 3 165 181 164
297 3 151 173 169
298 3 153 175 171
299 3 154 176 173
300 3 160 177 172
301 3 167 182 161
302 3 163 183 158
303 3 155 178 174
304 3 168 184 162
305 3 166 185 163
306 3 156 179 175
307 3 163 185 183
308 3 158 183 178
309 3 169 186 165
310 3 157 180 176
311 3 164 181 177
312 3 170 187 167
313 3 161 182 179
314 3 171 188 168
315 3 162 184 180
316 3 173 189 169
317 3 174 190 170
318 3 165 186 181
319 3 171 175 191
320 3 167 187 182
321 3 168 188 184
322 3 173 176 192
323 3 177 193 172
324 3 175 179 194
325 3 178 195 174
326 3 169 189 186
327 3 176 180 196
328 3 170 190 187
329 3 171 191 188
330 3 181 197 177
331 3 172 193 198
332 3 173 192 189
333 3 182 199 179
334 3 183 200 178
335 3 180 184 201
336 3 174 195 190
337 3 177 197 193
338 3 175 194 191
339 3 176 196 192
340 3 186 202 181
341 3 178 200 195
342 3 187 203 182
343 3 179 199 194
344 3 188 204 184
345 3 185 205 183
346 3 180 201 196
347 3 189 206 186
348 3 181 202 197
349 3 187 190 207
350 3 191 208 188
351 3 182 203 199
352 3 183 205 200
353 3 189 192 209
354 3 184 204 201
355 3 198 193 210
356 3 191 194 211
357 3 190 195 212
358 3 186 206 202
359 3 192 196 213
360 3 187 207 203
361 3 188 208 204
362 3 197 214 193
363 3 189 209 206
364 3 194 199 215
365 3 198 210 216
366 3 195 200 217
367 3 191 211 208
368 3 201 218 196
369 3 190 212 207
370 3 192 213 209
371 3 202 219 197
372 3 193 214 210
373 3 195 217 212
374 3 203 220 199
375 3 194 215 211
376 3 204 221 201
377 3 200 205 222
378 3 196 218 213
379 3 206 223 202
380 3 207 224 203
381 3 197 219 214
382 3 200 222 217
383 3 208 225 204
384 3 199 220 215
385 3 206 209 226
386 3 201 221 218
387 3 210 227 216
388 3 207 212 228
389 3 211 229 208
390 3 202 223 219
391 3 209 213 230
392 3 203 224 220
393 3 214 231 210
394 3 204 225 221
395 3 206 226 223
396 3 215 232 211
397 3 216 227 233
398 3 207 228 224
399 3 212 217 234
400 3 218 235 213
401 3 208 229 225
402 3 209 230 226
403 3 219 236 214
404 3 210 231 227
405 3 212 234 228
406 3 220 237 215
407 3 211 232 229
408 3 221 238 218
409 3 217 222 239
410 3 213 235 230
411 3 223 240 219
412 3 214 236 231
413 3 217 239 234
414 3 221 225 241
415 3 215 237 232
416 3 223 226 242
417 3 227 243 233
418 3 218 238 235
419 3 219 240 236
420 3 226 230 244
421 3 229 245 225
422 3 224 246 220
423 3 231 247 227
424 3 233 243 248
425 3 221 241 238
426 3 223 242 240
427 3 230 235 249
428 3 232 250 229
429 3 228 251 224
430 3 220 246 237
431 3 228 234 252
432 3 226 244 242
433 3 225 245 241
434 3 236 253 231
435 3 227 247 243
436 3 224 251 246
437 3 235 238 254
438 3 237 255 232
439 3 228 252 251
440 3 230 249 244
441 3 229 250 245
442 3 234 239 256
443 3 240 257 236
444 3 231 253 247
445 3 241 258 238
446 3 232 255 250
447 3 234 256 252
448 3 235 254 249
449 3 240 242 259
450 3 243 260 248
451 3 236 257 253
452 3 242 244 261
453 3 245 262 241
454 3 246 263 237
455 3 248 260 264
456 3 238 258 254
457 3 240 259 257
458 3 244 249 265
459 3 247 266 243
460 3 250 267 245
461 3 237 263 255
462 3 242 261 259
463 3 241 262 258
464 3 249 254 268
465 3 253 269 247
466 3 243 266 260
467 3 255 270 250
468 3 244 265 261
469 3 251 271 246
470 3 251 252 272
471 3 245 267 262
472 3 247 269 266
473 3 257 273 253
474 3 252 256 274
475 3 258 275 254
476 3 249 268 265
477 3 246 271 263
478 3 251 272 271
479 3 250 270 267
480 3 252 274 272
481 3 259 276 257
482 3 253 273 269
483 3 255 263 277
484 3 255 277 270
485 3 262 278 258
486 3 260 279 264
487 3 254 275 268
488 3 261 280 259
489 3 264 279 281
490 3 257 276 273
491 3 267 282 262
492 3 265 283 261
493 3 266 284 260
494 3 258 278 275
495 3 272 285 271
496 3 259 280 276
497 3 274 286 272
498 3 260 284 279
499 3 268 287 265
500 3 269 288 266
501 3 270 289 267
502 3 263 271 290
503 3 261 283 280
504 3 262 282 278
505 3 273 291 269
506 3 271 285 292
507 3 263 290 277
508 3 266 288 284
509 3 275 293 268
510 3 271 292 290
511 3 272 286 285
512 3 265 287 283
513 3 267 289 282
514 3 269 291 288
515 3 276 294 273
516 3 277 295 270
517 3 270 295 289
518 3 281 279 296
519 3 268 293 287
520 3 281 296 297
521 3 278 298 275
522 3 280 299 276
523 3 286 300 285
524 3 273 294 291
525 3 282 301 278
526 3 279 284 302
527 3 275 298 293
528 3 283 303 280
529 3 277 290 304
530 3 277 304 295
531 3 279 302 296
532 3 285 305 292
533 3 276 299 294
534 3 289 306 282
535 3 285 300 305
536 3 287 307 283
537 3 288 308 284
538 3 278 301 298
539 3 290 309 304
540 3 280 303 299
541 3 291 310 288
542 3 292 305 311
543 3 293 312 287
544 3 290 292 309
545 3 292 311 309
546 3 282 306 301
547 3 283 307 303
548 3 294 313 291
549 3 284 308 302
550 3 295 314 289
551 3 300 315 305
552 3 288 310 308
553 3 296 316 297
554 3 298 317 293
555 3 289 314 306
556 3 287 312 307
557 3 297 316 318
558 3 299 319 294
559 3 291 313 310
560 3 305 320 311
561 3 296 302 321
562 3 296 321 316
563 3 301 322 298
564 3 305 315 320
565 3 295 304 314
566 3 293 317 312
567 3 303 323 299
568 3 304 324 314
569 3 294 319 313
570 3 306 325 301
571 3 302 308 326
572 3 309 311 327
573 3 307 328 303
574 3 298 322 317
575 3 311 320 329
576 3 315 330 320
577 3 309 327 304
578 3 299 323 319
579 3 311 329 327
580 3 310 331 308
581 3 312 332 307
582 3 304 327 324
583 3 301 325 322
584 3 303 328 323
585 3 318 316 333
586 3 302 326 321
587 3 314 334 306
588 3 313 335 310
589 3 317 336 312
590 3 320 337 329
591 3 320 330 337
592 3 316 321 338
593 3 307 332 328
594 3 316 338 333
595 3 306 334 325
596 3 319 339 313
597 3 308 331 326
598 3 310 335 331
599 3 322 340 317
600 3 323 341 319
601 3 324 342 314
602 3 312 336 332
603 3 313 339 335
604 3 327 343 324
605 3 326 344 321
606 3 325 345 322
607 3 314 342 334
608 3 330 346 337
609 3 328 347 323
610 3 317 340 336
611 3 319 341 339
612 3 334 348 325
613 3 321 344 338
614 3 331 349 326
615 3 324 343 342
616 3 332 350 328
617 3 329 337 351
618 3 322 345 340
619 3 333 338 352
620 3 323 347 341
621 3 329 351 327
622 3 327 351 343
623 3 335 353 331
624 3 337 346 354
625 3 336 355 332
626 3 325 348 345
627 3 339 356 335
628 3 328 350 347
629 3 337 354 351
630 3 342 357 334
631 3 326 349 344
632 3 340 358 336
633 3 344 359 338
634 3 331 353 349
635 3 346 360 354
636 3 332 355 350
637 3 341 361 339
638 3 334 357 348
639 3 335 356 353
640 3 342 343 362
641 3 351 363 343
642 3 345 364 340
643 3 338 359 352
644 3 347 365 341
645 3 336 358 355
646 3 342 362 357
647 3 339 361 356
648 3 348 366 345
649 3 349 367 344
650 3 350 368 347
651 3 354 369 351
652 3 340 364 358
653 3 343 363 362
654 3 341 365 361
655 3 349 353 370
656 3 357 371 348
657 3 360 372 354
658 3 352 359 373
659 3 344 367 359
660 3 355 374 350
661 3 360 375 372
662 3 345 366 364
663 3 351 369 363
664 3 356 376 353
665 3 347 368 365
666 3 354 372 369
667 3 362 377 357
668 3 355 358 378
669 3 348 371 366
670 3 349 370 367
671 3 350 374 368
672 3 361 379 356
673 3 359 367 380
674 3 357 377 371
675 3 353 376 370
676 3 358 364 381
677 3 359 380 373
678 3 362 363 382
679 3 375 383 372
680 3 355 378 374
681 3 369 384 363
682 3 365 385 361
683 3 356 379 376
684 3 364 366 386
685 3 372 387 369
686 3 375 388 383
687 3 362 382 377
688 3 368 389 365
689 3 372 383 387
690 3 358 381 378
691 3 373 380 390
692 3 380 367 391
693 3 366 371 392
694 3 361 385 379
695 3 374 393 368
696 3 363 384 382
697 3 364 386 381
698 3 367 370 394
699 3 365 389 385
700 3 377 395 371
701 3 388 396 383
702 3 369 387 384
703 3 378 397 374
704 3 370 376 398
705 3 366 392 386
706 3 368 393 389
707 3 383 399 387
708 3 390 380 400
709 3 367 394 391
710 3 388 401 396
711 3 376 379 402
712 3 371 395 392
713 3 382 403 377
714 3 383 396 399
715 3 378 381 404
716 3 374 397 393
717 3 380 391 400
718 3 370 398 394
719 3 401 405 396
720 3 377 403 395
721 3 384 406 382
722 3 379 385 407
723 3 381 386 408
724 3 387 409 384
725 3 376 402 398
726 3 378 404 397
727 3 390 400 410
728 3 389 411 385
729 3 386 392 412
730 3 401 413 405
731 3 387 399 409
732 3 379 407 402
733 3 413 414 405
734 3 400 391 415
735 3 393 416 389
736 3 382 406 403
737 3 381 408 404
738 3 410 400 417
739 3 384 409 406
740 3 392 395 418
741 3 391 394 419
742 3 385 411 407
743 3 386 412 408
744 3 396 405 420
745 3 399 396 421
746 3 397 422 393
747 3 396 420 421
748 3 389 416 411
749 3 394 398 423
750 3 403 424 395
751 3 392 418 412
752 3 399 421 409
753 3 391 419 415
754 3 400 415 417
755 3 393 422 416
756 3 414 425 405
757 3 404 426 397
758 3 398 402 427
759 3 406 428 403
760 3 405 425 420
761 3 409 421 429
762 3 410 417 430
763 3 395 424 418
764 3 394 423 419
765 3 402 407 431
766 3 408 432 404
767 3 409 433 406
768 3 397 426 422
769 3 398 427 423
770 3 421 420 434
771 3 407 411 435
772 3 412 436 408
773 3 409 429 433
774 3 403 428 424
775 3 417 415 437
776 3 402 431 427
777 3 425 438 420
778 3 416 439 411
779 3 418 440 412
780 3 404 432 426
781 3 430 417 441
782 3 419 442 415
783 3 406 433 428
784 3 420 438 434
785 3 421 434 429
786 3 407 435 431
787 3 408 436 432
788 3 429 434 443
789 3 424 444 418
790 3 423 445 419
791 3 422 446 416
792 3 412 440 436
793 3 417 437 441
794 3 411 439 435
795 3 415 442 437
796 3 427 447 423
797 3 438 448 434
798 3 430 441 449
799 3 416 446 439
800 3 426 450 422
801 3 428 451 424
802 3 418 444 440
803 3 419 445 442
804 3 431 452 427
805 3 432 453 426
806 3 433 454 428
807 3 449 441 455
808 3 434 448 443
809 3 422 450 446
810 3 435 456 431
811 3 423 447 445
812 3 424 451 444
813 3 436 457 432
814 3 441 437 458
815 3 429 459 433
816 3 429 443 459
817 3 439 460 435
818 3 427 452 447
819 3 440 461 436
820 3 442 462 437
821 3 426 453 450
822 3 428 454 451
823 3 431 456 452
824 3 433 459 454
825 3 449 455 463
826 3 446 464 439
827 3 444 465 440
828 3 445 466 442
829 3 432 457 453
830 3 443 448 467
831 3 435 460 456
832 3 436 461 457
833 3 441 458 455
834 3 437 462 458
835 3 447 468 445
836 3 450 469 446
837 3 451 470 444
838 3 439 464 460
839 3 440 465 461
840 3 443 467 459
841 3 442 466 462
842 3 452 471 447
843 3 455 472 463
844 3 453 473 450
845 3 456 474 452
846 3 454 475 451
847 3 446 469 464
848 3 445 468 466
849 3 444 470 465
850 3 458 476 455
851 3 457 477 453
852 3 460 478 456
853 3 459 479 454
854 3 447 471 468
855 3 463 472 480
856 3 457 461 481
857 3 462 482 458
858 3 450 473 469
859 3 452 474 471
860 3 451 475 470
861 3 467 483 459
862 3 461 465 484
863 3 464 485 460
864 3 455 476 472
865 3 466 486 462
866 3 454 479 475
867 3 453 477 473
868 3 456 478 474
869 3 457 481 477
870 3 458 482 476
871 3 459 483 479
872 3 469 487 464
873 3 466 468 488
874 3 470 489 465
875 3 460 485 478
876 3 461 484 481
877 3 462 486 482
878 3 468 471 490
879 3 472 491 480
880 3 473 492 469
881 3 475 493 470
882 3 464 487 485
883 3 466 488 486
884 3 465 489 484
885 3 474 494 471
886 3 479 495 475
887 3 476 496 472
888 3 477 497 473
889 3 480 491 498
890 3 478 499 474
891 3 468 490 488
892 3 477 481 500
893 3 469 492 487
894 3 470 493 489
895 3 482 501 476
896 3 483 502 479
897 3 481 484 503
898 3 485 504 478
899 3 471 494 490
900 3 472 496 491
901 3 475 495 493
902 3 486 505 482
903 3 473 497 492
904 3 474 499 494
905 3 477 500 497
906 3 479 502 495
907 3 476 501 496
908 3 487 506 485
909 3 489 507 484
910 3 478 504 499
911 3 488 508 486
912 3 481 503 500
913 3 482 505 501
914 3 492 509 487
915 3 498 491 510
916 3 488 490 511
917 3 493 512 489
918 3 485 506 504
919 3 486 508 505
920 3 484 507 503
921 3 491 513 510
922 3 495 514 493
923 3 497 515 492
924 3 490 494 516
925 3 491 496 513
926 3 487 509 506
927 3 488 511 508
928 3 502 517 495
929 3 489 512 507
930 3 499 518 494
931 3 496 501 519
932 3 500 520 497
933 3 513 496 521
934 3 504 522 499
935 3 493 514 512
936 3 503 523 500
937 3 490 516 511
938 3 501 505 524
939 3 492 515 509
940 3 495 517 514
941 3 506 525 504
942 3 494 518 516
943 3 508 526 505
944 3 497 520 515
945 3 496 519 521
946 3 507 527 503
947 3 499 522 518
948 3 500 523 520
949 3 501 524 519
950 3 509 528 506
951 3 510 513 529
952 3 511 530 508
953 3 504 525 522
954 3 514 531 512
955 3 512 532 507
956 3 503 527 523
957 3 505 526 524
958 3 515 533 509
959 3 517 534 514
960 3 529 513 535
961 3 516 536 511
962 3 506 528 525
963 3 508 530 526
964 3 507 532 527
965 3 520 537 515
966 3 518 538 516
967 3 513 521 535
968 3 509 533 528
969 3 519 524 539
970 3 512 531 532
971 3 511 536 530
972 3 522 540 518
973 3 523 541 520
974 3 514 534 531
975 3 521 519 542
976 3 528 543 525
977 3 524 526 544
978 3 515 537 533
979 3 525 545 522
980 3 516 538 536
981 3 535 521 546
982 3 527 547 523
983 3 518 540 538
984 3 519 539 542
985 3 533 548 528
986 3 530 549 526
987 3 520 541 537
988 3 534 550 531
989 3 521 542 546
990 3 522 545 540
991 3 531 551 532
992 3 524 544 539
993 3 532 552 527
994 3 523 547 541
995 3 543 553 525
996 3 536 554 530
997 3 525 553 545
998 3 526 549 544
999 3 528 548 543
1000 3 537 555 533
1001 3 527 552 547
1002 3 538 556 536
1003 3 533 555 548
1004 3 542 539 557
1005 3 530 554 549
1006 3 541 558 537
1007 3 531 550 551
1008 3 532 551 552
1009 3 540 559 538
1010 3 546 542 560
1011 3 548 561 543
1012 3 547 562 541
1013 3 544 563 539
1014 3 536 556 554
1015 3 545 564 540
1016 3 537 558 555
1017 3 538 559 556
1018 3 546 560 565
1019 3 549 566 544
1020 3 552 567 547
1021 3 542 557 560
1022 3 543 561 553
1023 3 539 563 557
1024 3 555 568 548
1025 3 540 564 559
1026 3 561 569 553
1027 3 551 550 570
1028 3 541 562 558
1029 3 553 571 545
1030 3 549 554 572
1031 3 552 551 573
1032 3 548 568 561
1033 3 545 571 564
1034 3 544 566 563
1035 3 547 567 562
1036 3 554 556 574
1037 3 549 572 566
1038 3 558 575 555
1039 3 560 557 576
1040 3 569 577 553
1041 3 552 573 567
1042 3 568 578 561
1043 3 560 579 565
1044 3 551 570 573
1045 3 553 577 571
1046 3 556 559 580
1047 3 555 575 568
1048 3 562 581 558
1049 3 554 574 572
1050 3 561 578 569
1051 3 563 582 557
1052 3 564 571 583
1053 3 559 564 584
1054 3 560 576 579
1055 3 565 579 585
1056 3 567 586 562
1057 3 556 580 574
1058 3 575 587 568
1059 3 566 588 563
1060 3 578 589 569
1061 3 557 582 576
1062 3 573 590 567
1063 3 564 583 584
1064 3 558 581 575
1065 3 559 584 580
1066 3 571 577 591
1067 3 569 589 577
1068 3 572 592 566
1069 3 573 570 593
1070 3 575 581 594
1071 3 562 586 581
1072 3 568 587 578
1073 3 563 588 582
1074 3 572 574 595
1075 3 571 591 583
1076 3 567 590 586
1077 3 581 586 596
1078 3 566 592 588
1079 3 579 576 597
1080 3 575 594 587
1081 3 577 589 598
1082 3 587 599 578
1083 3 577 598 591
1084 3 574 580 600
1085 3 585 579 601
1086 3 573 593 590
1087 3 576 582 602
1088 3 572 595 592
1089 3 578 599 589
1090 3 587 594 603
1091 3 583 591 604
1092 3 579 597 601
1093 3 584 583 605
1094 3 580 584 606
1095 3 590 607 586
1096 3 585 601 608
1097 3 582 588 609
1098 3 574 600 595
1099 3 593 610 590
1100 3 594 581 611
1101 3 576 602 597
1102 3 586 612 596
1103 3 581 596 611
1104 3 583 604 605
1105 3 587 603 599
1106 3 589 599 613
1107 3 584 605 606
1108 3 589 613 598
1109 3 591 598 614
1110 3 586 607 612
1111 3 580 606 600
1112 3 588 592 615
1113 3 591 614 604
1114 3 603 616 599
1115 3 594 611 603
1116 3 599 617 613
1117 3 582 609 602
1118 3 592 595 618
1119 3 608 601 619
1120 3 611 620 603
1121 3 599 616 617
1122 3 590 610 607
1123 3 604 621 605
1124 3 596 622 611
1125 3 601 597 623
1126 3 605 624 606
1127 3 598 613 625
1128 3 595 600 626
1129 3 598 625 614
1130 3 588 615 609
1131 3 604 614 627
1132 3 596 612 622
1133 3 597 602 628
1134 3 592 618 615
1135 3 604 627 621
1136 3 613 629 625
1137 3 610 630 607
1138 3 608 619 631
1139 3 600 606 632
1140 3 603 620 616
1141 3 601 623 619
1142 3 602 609 633
1143 3 617 634 613
1144 3 595 626 618
1145 3 613 634 629
1146 3 611 622 635
1147 3 607 636 612
1148 3 605 621 624
1149 3 620 637 616
1150 3 616 638 617
1151 3 611 635 620
1152 3 614 625 639
1153 3 597 628 623
1154 3 612 640 622
1155 3 607 630 636
1156 3 609 615 641
1157 3 616 637 638
1158 3 614 639 627
1159 3 600 632 626
1160 3 602 633 628
1161 3 612 636 640
1162 3 621 642 624
1163 3 617 638 634
1164 3 627 643 621
1165 3 606 624 632
1166 3 615 618 644
1167 3 638 645 634
1168 3 630 646 636
1169 3 637 647 638
1170 3 635 648 620
1171 3 620 648 637
1172 3 621 643 642
1173 3 619 649 631
1174 3 627 639 650
1175 3 632 624 651
1176 3 622 640 652
1177 3 609 641 633
1178 3 618 626 653
1179 3 623 654 619
1180 3 636 655 640
1181 3 622 652 635
1182 3 627 650 643
1183 3 634 645 656
1184 3 638 647 645
1185 3 626 632 657
1186 3 628 658 623
1187 3 631 649 659
1188 3 615 644 641
1189 3 619 654 649
1190 3 618 653 644
1191 3 635 652 660
1192 3 647 661 645
1193 3 633 662 628
1194 3 636 646 655
1195 3 637 648 647
1196 3 648 663 647
1197 3 635 660 648
1198 3 645 664 656
1199 3 640 665 652
1200 3 640 655 665
1201 3 624 642 651
1202 3 643 666 642
1203 3 623 658 654
1204 3 626 657 653
1205 3 646 667 655
1206 3 650 668 643
1207 3 641 669 633
1208 3 642 666 670
1209 3 628 662 658
1210 3 645 661 664
1211 3 642 670 651
1212 3 643 668 666
1213 3 656 664 671
1214 3 632 651 657
1215 3 661 672 664
1216 3 664 673 671
1217 3 648 660 663
1218 3 647 663 661
1219 3 633 669 662
1220 3 663 674 661
1221 3 660 675 663
1222 3 644 676 641
1223 3 651 677 657
1224 3 649 678 659
1225 3 665 679 652
1226 3 652 679 660
1227 3 654 680 649
1228 3 653 681 644
1229 3 667 682 655
1230 3 655 682 665
1231 3 641 676 669
1232 3 664 672 673
1233 3 661 674 672
1234 3 672 683 673
1235 3 657 684 653
1236 3 658 685 654
1237 3 659 678 686
1238 3 651 670 677
1239 3 671 673 687
1240 3 668 688 666
1241 3 666 689 670
1242 3 674 690 672
1243 3 649 680 678
1244 3 670 691 677
1245 3 663 675 674
1246 3 675 692 674
1247 3 644 681 676
1248 3 662 693 658
1249 3 666 688 689
1250 3 677 694 657
1251 3 665 682 679
1252 3 654 685 680
1253 3 653 684 681
1254 3 679 695 660
1255 3 660 695 675
1256 3 673 696 687
1257 3 670 689 691
1258 3 682 697 679
1259 3 672 690 683
1260 3 669 698 662
1261 3 673 683 696
1262 3 658 693 685
1263 3 674 692 690
1264 3 657 694 684
1265 3 690 699 683
1266 3 662 698 693
1267 3 676 700 669
1268 3 686 678 701
1269 3 683 702 696
1270 3 683 699 702
1271 3 692 703 690
1272 3 688 704 689
1273 3 687 696 705
1274 3 678 680 706
1275 3 675 695 692
1276 3 677 691 694
1277 3 688 707 704
1278 3 681 708 676
1279 3 695 709 692
1280 3 689 710 691
1281 3 679 697 695
1282 3 669 700 698
1283 3 686 701 711
1284 3 689 704 710
1285 3 690 703 699
1286 3 697 712 695
1287 3 680 685 713
1288 3 684 714 681
1289 3 696 715 705
1290 3 696 702 715
1291 3 691 710 716
1292 3 691 716 694
1293 3 678 706 701
1294 3 705 715 717
1295 3 692 709 703
1296 3 676 708 700
1297 3 685 693 718
1298 3 694 719 684
1299 3 707 720 704
1300 3 702 699 721
1301 3 680 713 706
1302 3 703 722 699
1303 3 702 721 715
1304 3 699 723 721
1305 3 699 722 723
1306 3 681 714 708
1307 3 707 724 720
1308 3 715 721 725
1309 3 698 726 693
1310 3 695 712 709
1311 3 709 727 703
1312 3 685 718 713
1313 3 710 728 716
1314 3 704 729 710
1315 3 684 719 714
1316 3 712 730 709
1317 3 717 715 731
1318 3 704 720 729
1319 3 716 732 694
1320 3 711 701 733
1321 3 715 725 731
1322 3 700 734 698
1323 3 693 726 718
1324 3 701 706 735
1325 3 694 732 719
1326 3 703 727 722
1327 3 710 729 728
1328 3 720 724 736
1329 3 700 708 737
1330 3 731 725 738
1331 3 711 733 739
1332 3 709 730 727
1333 3 725 721 740
1334 3 731 738 741
1335 3 698 734 726
1336 3 724 742 736
1337 3 706 713 743
1338 3 701 735 733
1339 3 716 728 732
1340 3 725 740 738
1341 3 708 714 744
1342 3 727 745 722
1343 3 723 746 721
1344 3 721 746 740
1345 3 722 747 723
1346 3 729 720 748
1347 3 728 729 749
1348 3 700 737 734
1349 3 723 747 746
1350 3 720 736 748
1351 3 714 719 750
1352 3 713 718 751
1353 3 706 743 735
1354 3 730 752 727
1355 3 722 745 747
1356 3 741 738 753
1357 3 738 740 754
1358 3 741 753 755
1359 3 736 742 756
1360 3 708 744 737
1361 3 732 728 757
1362 3 718 726 758
1363 3 742 755 756
1364 3 732 759 719
1365 3 738 754 753
1366 3 733 760 739
1367 3 713 751 743
1368 3 729 748 749
1369 3 727 752 745
1370 3 714 750 744
1371 3 735 761 733
1372 3 746 762 740
1373 3 728 749 757
1374 3 740 762 754
1375 3 734 763 726
1376 3 732 757 759
1377 3 748 736 764
1378 3 749 765 757
1379 3 749 748 766
1380 3 718 758 751
1381 3 753 767 755
1382 3 719 759 750
1383 3 736 756 764
1384 3 755 767 756
1385 3 737 768 734
1386 3 733 761 760
1387 3 752 769 745
1388 3 743 770 735
1389 3 745 771 747
1390 3 753 754 772
1391 3 726 763 758
1392 3 753 772 767
1393 3 747 773 746
1394 3 746 773 762
1395 3 737 744 774
1396 3 735 770 761
1397 3 759 757 775
1398 3 749 766 765
1399 3 748 764 766
1400 3 745 769 771
1401 3 756 767 776
1402 3 734 768 763
1403 3 751 777 743
1404 3 754 762 772
1405 3 747 771 773
1406 3 756 776 764
1407 3 762 778 772
1408 3 744 750 779
1409 3 751 758 780
1410 3 737 774 768
1411 3 765 766 781
1412 3 766 764 782
1413 3 750 759 783
1414 3 767 772 784
1415 3 761 785 760
1416 3 743 777 770
1417 3 762 773 778
1418 3 758 763 786
1419 3 767 784 776
1420 3 757 765 775
1421 3 766 782 781
1422 3 744 779 774
1423 3 771 769 787
1424 3 751 780 777
1425 3 759 775 783
1426 3 773 771 788
1427 3 773 789 778
1428 3 750 783 779
1429 3 770 790 761
1430 3 776 791 764
1431 3 768 792 763
1432 3 775 765 793
1433 3 772 778 784
1434 3 773 788 789
1435 3 781 794 765
1436 3 765 794 793
1437 3 771 787 788
1438 3 758 786 780
1439 3 778 795 784
1440 3 761 790 785
1441 3 774 796 768
1442 3 764 791 782
1443 3 777 797 770
1444 3 784 798 776
1445 3 778 789 795
1446 3 763 792 786
1447 3 776 798 791
1448 3 775 793 783
1449 3 779 799 774
1450 3 780 800 777
1451 3 770 797 790
1452 3 782 791 801
1453 3 768 796 792
1454 3 788 787 802
1455 3 784 795 798
1456 3 783 803 779
1457 3 789 788 804
1458 3 780 786 805
1459 3 789 806 795
1460 3 788 802 804
1461 3 774 799 796
1462 3 777 800 797
1463 3 789 804 806
1464 3 793 807 783
1465 3 795 808 798
1466 3 782 801 781
1467 3 786 792 809
1468 3 779 803 799
1469 3 780 805 800
1470 3 790 810 785
1471 3 798 811 791
1472 3 795 806 808
1473 3 783 807 803
1474 3 804 802 812
1475 3 796 813 792
1476 3 794 814 793
1477 3 806 804 815
1478 3 798 808 811
1479 3 781 801 794
1480 3 786 809 805
1481 3 793 814 807
1482 3 799 816 796
1483 3 797 817 790
1484 3 804 812 815
1485 3 791 811 801
1486 3 808 806 818
1487 3 801 819 794
1488 3 790 817 810
1489 3 811 820 801
1490 3 797 800 821
1491 3 803 822 799
1492 3 794 819 814
1493 3 792 813 809
1494 3 806 815 818
1495 3 801 820 819
1496 3 800 805 823
1497 3 796 816 813
1498 3 815 812 824
1499 3 797 821 817
1500 3 807 825 803
1501 3 799 822 816
1502 3 809 826 805
1503 3 808 818 811
1504 3 800 823 821
1505 3 814 827 807
1506 3 803 825 822
1507 3 818 828 811
1508 3 813 829 809
1509 3 805 826 823
1510 3 819 830 814
1511 3 815 824 818
1512 3 807 827 825
1513 3 816 831 813
1514 3 817 832 810
1515 3 811 828 820
1516 3 824 833 818
1517 3 809 829 826
1518 3 821 834 817
1519 3 822 835 816
1520 3 820 836 819
1521 3 814 830 827
1522 3 818 833 828
1523 3 813 831 829
1524 3 821 823 837
1525 3 825 838 822
1526 3 817 834 832
1527 3 819 836 830
1528 3 828 839 820
1529 3 816 835 831
1530 3 820 839 836
1531 3 826 840 823
1532 3 821 837 834
1533 3 827 841 825
1534 3 822 838 835
1535 3 827 830 842
1536 3 829 843 826
1537 3 833 844 828
1538 3 823 840 837
1539 3 825 841 838
1540 3 828 844 839
1541 3 830 836 845
1542 3 831 846 829
1543 3 826 843 840
1544 3 827 842 841
1545 3 839 847 836
1546 3 835 848 831
1547 3 832 834 849
1548 3 829 846 843
1549 3 832 849 850
1550 3 838 851 835
1551 3 830 845 842
1552 3 834 837 852
1553 3 844 853 839
1554 3 836 847 845
1555 3 831 848 846
1556 3 841 854 838
1557 3 840 855 837
1558 3 835 851 848
1559 3 834 852 849
1560 3 839 853 847
1561 3 842 856 841
1562 3 843 857 840
1563 3 838 854 851
1564 3 842 845 858
1565 3 837 855 852
1566 3 846 859 843
1567 3 845 847 860
1568 3 841 856 854
1569 3 840 857 855
1570 3 848 861 846
1571 3 849 862 850
1572 3 850 862 863
1573 3 853 864 847
1574 3 842 858 856
1575 3 843 859 857
1576 3 848 851 865
1577 3 845 860 858
1578 3 851 854 866
1579 3 846 861 859
1580 3 849 852 867
1581 3 847 864 860
1582 3 848 865 861
1583 3 849 867 862
1584 3 855 868 852
1585 3 862 869 863
1586 3 857 870 855
1587 3 856 871 854
1588 3 851 866 865
1589 3 859 872 857
1590 3 858 873 856
1591 3 860 874 858
1592 3 852 868 867
1593 3 854 871 866
1594 3 861 875 859
1595 3 867 876 862
1596 3 855 870 868
1597 3 864 877 860
1598 3 856 873 871
1599 3 861 865 878
1600 3 862 876 869
1601 3 857 872 870
1602 3 858 874 873
1603 3 865 866 879
1604 3 859 875 872
1605 3 860 877 874
1606 3 861 878 875
1607 3 876 880 869
1608 3 871 881 866
1609 3 865 879 878
1610 3 867 868 882
1611 3 867 882 876
1612 3 868 870 883
1613 3 870 872 884
1614 3 873 885 871
1615 3 866 881 879
1616 3 874 886 873
1617 3 872 875 887
1618 3 877 888 874
1619 3 868 883 882
1620 3 871 885 881
1621 3 878 889 875
1622 3 882 890 876
1623 3 876 890 880
1624 3 870 884 883
1625 3 873 886 885
1626 3 872 887 884
1627 3 879 891 878
1628 3 874 888 886
1629 3 875 889 887
1630 3 881 892 879
1631 3 878 891 889
1632 3 885 893 881
1633 3 879 892 891
1634 3 882 883 894
1635 3 882 894 890
1636 3 885 886 895
1637 3 883 884 896
1638 3 884 887 897
1639 3 886 888 898
1640 3 881 893 892
1641 3 887 889 899
1642 3 885 895 893
1643 3 883 896 894
1644 3 891 900 889
1645 3 886 898 895
1646 3 884 897 896
1647 3 887 899 897
1648 3 896 901 894
1649 3 892 902 891
1650 3 897 903 896
1651 3 889 900 899
1652 3 893 904 892
1653 3 891 902 900
1654 3 893 895 905
1655 3 895 898 906
1656 3 892 904 902
1657 3 893 905 904
1658 3 897 899 907
1659 3 896 903 901
1660 3 903 908 901
1661 3 895 906 905
1662 3 897 907 903
1663 3 902 909 900
1664 3 899 900 910
1665 3 904 911 902
1666 3 899 910 907
1667 3 904 905 912
1668 3 907 913 903
1669 3 905 906 914
1670 3 900 909 910
1671 3 903 913 908
1672 3 902 911 909
1673 3 904 912 911
1674 3 905 914 912
1675 3 911 915 909
1676 3 910 909 916
1677 3 907 910 917
1678 3 907 917 913
1679 3 911 912 918
1680 3 912 914 919
1681 3 911 918 915
1682 3 910 916 917
1683 3 909 915 916
1684 3 912 919 918
1685 3 916 920 917
1686 3 915 921 916
1687 3 915 918 922
1688 3 915 922 921
1689 3 921 923 916
1690 3 916 923 920
1691 3 918 919 924
1692 3 918 924 922
1693 3 922 925 921
1694 3 921 925 923
1695 3 922 924 926
1696 3 922 926 925
1    ! NOPE - TOTAL NUMBER OF OPEN BOUNDARY FORCING SEGMENTS
39   ! NETA - TOTAL NUMBER OF OPEN BOUNDARY FORCING SEGMENTS
39   ! NUMBER OF NODES ON OPEN BOUNDERY FORCING SEGMENT 1
926  ! BEGINING NODE NUMBER ON OPEN BOUNDARY 1
924
919
914
906
898
888
877
864
853
844
833
824
812
802
787
769
752
730
712
697
682
667
646
630
610
593
570
550
534
517
502
483
467
448
438
425
414
413  !  ENDING NODE NUMBER ON OPEN BOUNDARY NO.1
2    !  NBOU - TOTAL NUMBER OF LAND BOUNDARY SEGMENTS INCLUDING ISLANDS SEGMENTS
119  !  NVEL _ TOTAL NUMBER OF LAND BOUNDARY NODES 
101 0  !  NUMBER OF NODES IN LAND BOUNDARY NO.1  AND BOUNDARY TYPE (MAINLAND)
926  !  BEGINNING NODE NUMBER OF LAND BOUNDARY NO.1
925
923
920
917
913
908
901
894
890
880
869
863
850
832
810
785
760
739
711
686
659
631
608
585
565
546
535
529
510
498
480
463
449
430
410
390
373
352
333
318
297
281
264
248
233
216
198
172
159
150
133
123
108
95
83
68
50
40
41
43
45
52
48
29
22
18
12
10
13
4
1
2
6
8
15
25
33
51
64
84
105
127
146
166
185
205
222
239
256
274
286
300
315
330
346
360
375
388
401
413  !ENDING NODE NUMBER OF LAND BOUNDARY 1
18 1   !NUMBER OF NODES ON LAND BOUNDARY 2  AND BOUNDARY TYPE (ISLAND)
625
639
650
668
688
707
724
742
755
741
731
717
705
687
671
656
634
629  !ENDING NODE NUMBER ON LAND BOUNDARY 2
