channel3
48 39
1 -2.500 -1.000 1.0
2 -1.300 -1.000 1.0
3 -2.500 1.000 2.0
4 -1.200 1.000 2.0
5 -0.100 -1.000 1.0
6 0.100 1.000 2.0
7 1.350 0.875 2.0
8 1.150 -1.125 1.0
9 2.600 0.750 2.0
10 2.400 -1.250 1.0
11 3.850 0.625 2.0
12 3.650 -1.375 1.0
13 5.100 0.500 2.0
14 4.900 -1.500 1.0
15 -1.900 0.000 1.5
16 -2.500 0.000 1.5
17 -1.900 -1.000 1.0
18 -1.250 0.000 1.5
19 -1.850 1.000 2.0
20 -0.650 0.000 1.5
21 -0.700 -1.000 1.0
22 0.000 0.000 1.5
23 -0.550 1.000 2.0
24 0.625 -0.062 1.5
25 0.725 0.938 2.0
26 1.250 -0.125 1.5
27 0.525 -1.062 1.0
28 1.875 -0.188 1.5
29 1.975 0.812 2.0
30 2.500 -0.250 1.5
31 1.775 -1.188 1.0
32 3.125 -0.312 1.5
33 3.225 0.688 2.0
34 3.750 -0.375 1.5
35 3.025 -1.312 1.0
36 4.375 -0.438 1.5
37 4.475 0.562 2.0
38 5.000 -0.500 1.5
39 4.275 -1.438 1.0
1 3 15 16 17
2 3 1 17 16
3 3 17 2 15
4 3 16 15 3
5 3 18 19 15
6 3 3 15 19
7 3 15 2 18
8 3 19 18 4
9 3 20 18 21
10 3 2 21 18
11 3 21 5 20
12 3 18 20 4
13 3 22 23 20
14 3 4 20 23
15 3 20 5 22
16 3 23 22 6
17 3 24 25 22
18 3 6 22 25
19 3 22 5 24
20 3 25 24 7
21 3 26 24 27
22 3 5 27 24
23 3 27 8 26
24 3 24 26 7
25 3 28 29 26
26 3 7 26 29
27 3 26 8 28
28 3 29 28 9
29 3 30 28 31
30 3 8 31 28
31 3 31 10 30
32 3 28 30 9
33 3 32 33 30
34 3 9 30 33
35 3 30 10 32
36 3 33 32 11
37 3 34 32 35
38 3 10 35 32
39 3 35 12 34
40 3 32 34 11
41 3 36 37 34
42 3 11 34 37
43 3 34 12 36
44 3 37 36 13
45 3 38 36 39
46 3 12 39 36
47 3 39 14 38
48 3 36 38 13
