channel4
48 33
1 -2.5000 -1.0000 1.00
2 -0.1000 -1.0000 1.00
3 -1.2500 0.0000 1.50
4 -2.5000 1.0000 2.00
5 0.1000 1.0000 2.00
6 2.4000 -1.2500 1.00
7 1.2500 -0.1250 1.50
8 2.6000 0.7500 2.00
9 4.9000 -1.5000 1.00
10 3.7500 -0.3750 1.50
11 5.1000 0.5000 2.00
12 -0.6750 -0.5000 1.25
13 -1.8750 -0.5000 1.25
14 -1.3000 -1.0000 1.00
15 0.0000 0.0000 1.50
16 -0.5750 0.5000 1.75
17 -1.2000 1.0000 2.00
18 -1.8750 0.5000 1.75
19 -2.5000 0.0000 1.50
20 1.1500 -1.1250 1.00
21 1.8250 -0.6875 1.25
22 0.5750 -0.5625 1.25
23 2.5000 -0.2500 1.50
24 1.9250 0.3125 1.75
25 1.3500 0.8750 2.00
26 0.6750 0.4375 1.75
27 3.6500 -1.3750 1.00
28 4.3250 -0.9375 1.25
29 3.0750 -0.8125 1.25
30 5.0000 -0.5000 1.50
31 4.4250 0.0625 1.75
32 3.8500 0.6250 2.00
33 3.1750 0.1875 1.75
1 3 12 13 14
2 3 1 14 13
3 3 14 2 12
4 3 13 12 3
5 3 15 16 12
6 3 3 12 16
7 3 12 2 15
8 3 16 15 5
9 3 17 18 16
10 3 3 16 18
11 3 16 5 17
12 3 18 17 4
13 3 19 13 18
14 3 3 18 13
15 3 18 4 19
16 3 13 19 1
17 3 20 21 22
18 3 7 22 21
19 3 22 2 20
20 3 21 20 6
21 3 23 24 21
22 3 7 21 24
23 3 21 6 23
24 3 24 23 8
25 3 25 26 24
26 3 7 24 26
27 3 24 8 25
28 3 26 25 5
29 3 15 22 26
30 3 7 26 22
31 3 26 5 15
32 3 22 15 2
33 3 27 28 29
34 3 10 29 28
35 3 29 6 27
36 3 28 27 9
37 3 30 31 28
38 3 10 28 31
39 3 28 9 30
40 3 31 30 11
41 3 32 33 31
42 3 10 31 33
43 3 31 11 32
44 3 33 32 8
45 3 23 29 33
46 3 10 33 29
47 3 33 8 23
48 3 29 23 6
