86
1 2 15 3 7
2 15 3 4 6
3 16 1 2 0
4 3 16 4 0
5 15 16 1 4
6 1 17 2 0
7 17 2 3 0
8 17 15 1 3
9 16 17 1 2
10 2 18 7 10
11 18 4 8 12
12 15 18 5 7
13 19 3 6 0
14 4 19 8 0
15 19 15 5 6
16 18 19 5 8
17 20 4 12 14
18 5 20 11 15
19 20 18 9 12
20 2 21 10 0
21 21 5 11 0
22 18 21 9 10
23 21 20 9 11
24 5 22 15 19
25 22 6 16 18
26 20 22 13 15
27 23 4 14 0
28 6 23 16 0
29 23 20 13 14
30 22 23 13 16
31 5 24 19 22
32 24 7 20 24
33 22 24 17 19
34 25 6 18 0
35 7 25 20 0
36 25 22 17 18
37 24 25 17 20
38 26 7 24 26
39 8 26 23 27
40 26 24 21 24
41 5 27 22 0
42 27 8 23 0
43 24 27 21 22
44 27 26 21 23
45 8 28 27 30
46 28 9 28 32
47 26 28 25 27
48 29 7 26 0
49 9 29 28 0
50 29 26 25 26
51 28 29 25 28
52 30 9 32 34
53 10 30 31 35
54 30 28 29 32
55 8 31 30 0
56 31 10 31 0
57 28 31 29 30
58 31 30 29 31
59 10 32 35 38
60 32 11 36 40
61 30 32 33 35
62 33 9 34 0
63 11 33 36 0
64 33 30 33 34
65 32 33 33 36
66 34 11 40 42
67 12 34 39 43
68 34 32 37 40
69 10 35 38 0
70 35 12 39 0
71 32 35 37 38
72 35 34 37 39
73 12 36 43 46
74 36 13 44 48
75 34 36 41 43
76 37 11 42 0
77 13 37 44 0
78 37 34 41 42
79 36 37 41 44
80 38 13 48 0
81 14 38 47 0
82 38 36 45 48
83 12 39 46 0
84 39 14 47 0
85 36 39 45 46
86 39 38 45 47
1 9 8 5
2 9 3 6
3 1 8 7
4 2 4 5
5 15 12 16
6 15 13 2
7 10 12 1
8 11 14 16
9 22 23 19
10 22 10 20
11 18 23 21
12 17 11 19
13 29 26 30
14 29 27 17
15 24 26 18
16 25 28 30
17 36 33 37
18 36 34 25
19 31 33 24
20 32 35 37
21 43 44 40
22 43 31 41
23 39 44 42
24 38 32 40
25 50 47 51
26 50 48 38
27 45 47 39
28 46 49 51
29 57 58 54
30 57 45 55
31 53 58 56
32 52 46 54
33 64 61 65
34 64 62 52
35 59 61 53
36 60 63 65
37 71 72 68
38 71 59 69
39 67 72 70
40 66 60 68
41 78 75 79
42 78 76 66
43 73 75 67
44 74 77 79
45 85 86 82
46 85 73 83
47 81 86 84
48 80 74 82
58
1 1
2 2
3 5
4 8
5 9
6 10
7 11
8 12
9 15
10 16
11 17
12 18
13 19
14 22
15 23
16 24
17 25
18 26
19 29
20 30
21 31
22 32
23 33
24 36
25 37
26 38
27 39
28 40
29 43
30 44
31 45
32 46
33 47
34 50
35 51
36 52
37 53
38 54
39 57
40 58
41 59
42 60
43 61
44 64
45 65
46 66
47 67
48 68
49 71
50 72
51 73
52 74
53 75
54 78
55 79
56 82
57 85
58 86
24
1 6
2 7
3 13
4 14
5 20
6 21
7 27
8 28
9 34
10 35
11 41
12 42
13 48
14 49
15 55
16 56
17 62
18 63
19 69
20 70
21 76
22 77
23 83
24 84
0
0
2
1 80
2 81
0 0
0 0
2
1 3 1 0
2 4 1 0
