142
1 1 7 26 0 
2 8 2 1 0 
3 7 8 22 0 
4 2 9 35 0 
5 9 10 15 0 
6 10 11 16 0 
7 11 12 11 0 
8 12 13 12 0 
9 13 14 7 0 
10 15 3 4 0 
11 14 15 10 0 
12 3 16 14 0 
13 17 4 3 0 
14 16 17 50 0 
15 4 18 19 0 
16 18 19 58 0 
17 19 20 37 0 
18 20 21 32 0 
19 21 22 33 0 
20 22 23 30 0 
21 24 5 2 0 
22 23 24 31 0 
23 5 25 29 0 
24 26 6 21 0 
25 25 26 25 0 
26 6 27 84 0 
27 27 28 34 0 
28 29 1 26 0 
29 29 7 6 26 
30 28 29 54 0 
31 35 5 29 64 
32 35 25 24 29 
33 35 30 40 53 
34 35 33 52 72 
35 36 23 31 70 
36 36 24 23 31 
37 36 30 41 65 
38 36 31 42 45 
39 37 21 33 76 
40 37 22 28 33 
41 37 31 43 71 
42 37 32 46 49 
43 38 9 15 66 
44 38 10 8 15 
45 38 30 38 41 
46 38 31 45 62 
47 38 36 41 45 
48 39 19 37 78 
49 39 20 20 37 
50 39 32 47 77 
51 34 39 51 60 
52 40 11 11 63 
53 40 12 5 11 
54 31 40 43 44 
55 40 32 49 68 
56 40 37 43 49 
57 41 13 7 69 
58 14 41 7 9 
59 32 41 47 48 
60 41 34 51 80 
61 41 39 47 51 
62 2 42 1 13 
63 42 8 1 74 
64 42 30 53 67 
65 33 42 52 55 
66 42 35 52 53 
67 7 43 6 17 
68 43 28 54 57 
69 43 29 6 54 
70 43 33 56 75 
71 44 26 27 73 
72 44 27 34 85 
73 28 44 34 57 
74 44 33 39 56 
75 44 43 56 57 
76 3 45 4 14 
77 45 15 4 81 
78 16 45 14 18 
79 45 34 59 82 
80 4 46 3 19 
81 46 17 3 83 
82 18 46 19 36 
83 46 34 61 79 
84 10 47 8 16 
85 11 47 16 63 
86 31 47 44 62 
87 47 38 8 62 
88 47 40 44 63 
89 5 48 2 64 
90 48 24 2 23 
91 30 48 40 65 
92 48 35 40 64 
93 48 36 23 65 
94 2 49 13 35 
95 9 49 35 66 
96 30 49 38 67 
97 49 38 38 66 
98 49 42 13 67 
99 12 50 5 12 
100 13 50 12 69 
101 32 50 48 68 
102 50 40 5 68 
103 50 41 48 69 
104 22 51 28 30 
105 23 51 30 70 
106 31 51 42 71 
107 51 36 42 70 
108 51 37 28 71 
109 25 52 24 25 
110 26 52 25 73 
111 33 52 39 72 
112 52 35 24 72 
113 52 44 39 73 
114 7 53 17 22 
115 8 53 22 74 
116 33 53 55 75 
117 53 42 55 74 
118 53 43 17 75 
119 20 54 20 32 
120 21 54 32 76 
121 32 54 46 77 
122 54 37 46 76 
123 54 39 20 77 
124 18 55 36 58 
125 19 55 58 78 
126 34 55 60 79 
127 55 39 60 78 
128 55 46 36 79 
129 14 56 9 10 
130 15 56 10 81 
131 34 56 59 80 
132 56 41 9 80 
133 56 45 59 81 
134 16 57 18 50 
135 17 57 50 83 
136 34 57 61 82 
137 57 45 18 82 
138 57 46 61 83 
139 6 58 21 84 
140 58 26 21 27 
141 27 58 84 85 
142 58 44 27 85 
1 62 63 2
2 89 90 21
3 80 81 13
4 76 77 10
5 99 102 53
6 67 69 29
7 58 57 9
8 84 87 44
9 129 132 58
10 130 129 11
11 53 52 7
12 100 99 8
13 94 98 62
14 78 76 12
15 44 43 5
16 85 84 6
17 114 118 67
18 134 137 78
19 82 80 15
20 119 123 49
21 139 140 24
22 115 114 3
23 90 93 36
24 109 112 32
25 110 109 25
26 29 28 1
27 140 142 71
28 104 108 40
29 32 31 23
30 105 104 20
31 36 35 22
32 120 119 18
33 40 39 19
34 73 72 27
35 95 94 4
36 124 128 82
37 49 48 17
38 96 97 45
39 111 113 74
40 91 92 33
41 45 47 37
42 106 107 38
43 54 56 41
44 86 88 54
45 47 46 38
46 121 122 42
47 59 61 50
48 101 103 59
49 56 55 42
50 135 134 14
51 61 60 51
52 65 66 34
53 66 64 33
54 69 68 30
55 116 117 65
56 74 75 70
57 75 73 68
58 125 124 16
59 131 133 79
60 126 127 51
61 136 138 83
62 87 86 46
63 88 85 52
64 92 89 31
65 93 91 37
66 97 95 43
67 98 96 64
68 102 101 55
69 103 100 57
70 107 105 35
71 108 106 41
72 112 111 34
73 113 110 71
74 117 115 63
75 118 116 70
76 122 120 39
77 123 121 50
78 127 125 48
79 128 126 83
80 132 131 60
81 133 130 77
82 137 136 79
83 138 135 81
84 141 139 26
85 142 141 72
113
1 29 
2 31 
3 32 
4 33 
5 34 
6 35 
7 36 
8 37 
9 38 
10 39 
11 40 
12 41 
13 42 
14 43 
15 44 
16 45 
17 46 
18 47 
19 48 
20 49 
21 50 
22 51 
23 52 
24 53 
25 54 
26 55 
27 56 
28 57 
29 58 
30 59 
31 60 
32 61 
33 62 
34 63 
35 64 
36 65 
37 66 
38 67 
39 68 
40 69 
41 70 
42 71 
43 72 
44 73 
45 74 
46 75 
47 76 
48 77 
49 78 
50 79 
51 80 
52 81 
53 82 
54 83 
55 84 
56 85 
57 86 
58 87 
59 88 
60 89 
61 90 
62 91 
63 92 
64 93 
65 94 
66 95 
67 96 
68 97 
69 98 
70 99 
71 100 
72 101 
73 102 
74 103 
75 104 
76 105 
77 106 
78 107 
79 108 
80 109 
81 110 
82 111 
83 112 
84 113 
85 114 
86 115 
87 116 
88 117 
89 118 
90 119 
91 120 
92 121 
93 122 
94 123 
95 124 
96 125 
97 126 
98 127 
99 128 
100 129 
101 130 
102 131 
103 132 
104 133 
105 134 
106 135 
107 136 
108 137 
109 138 
110 139 
111 140 
112 141 
113 142 
22 ! LAND
1 1 
2 2 
3 3 
4 4 
5 5 
6 6 
7 7 
8 8 
9 9 
10 10 
11 11 
12 15 
13 16 
14 17 
15 18 
16 19 
17 20 
18 21 
19 22 
20 23 
21 24 
22 25 
0 ! RADIATION
0 ! RIVER
3 ! SEA
1 12
2 13
3 14
0 0
0 0
0 0
4
1 26 1 0
2 27 1 0
3 28 1 0
4 30 1 0
